# provenance: 
label,area_px,centroid_y,centroid_x,equivalent_diameter_px,eccentricity,mean_intensity,bbox_y0,bbox_x0,bbox_y1,bbox_x1,touches_edge,source
1,23,32.130434782608695,197.52173913043478,5.4115163798060095,0.8042030177980576,0.2988355669224212,29,195,36,201,False,/Users/samgreenberg/Documents/Blenny/example_plates/Petri_Easy.jpg
2,5,35.0,188.0,2.5231325220201604,0.0,0.2867624313725491,34,187,37,190,False,/Users/samgreenberg/Documents/Blenny/example_plates/Petri_Easy.jpg
3,515,50.310679611650485,258.59805825242717,25.60699837034026,0.8949186073397593,0.45693341252617553,35,243,65,276,False,/Users/samgreenberg/Documents/Blenny/example_plates/Petri_Easy.jpg
4,88,40.30681818181818,381.59090909090907,10.585134856802455,0.7015171914659196,0.4003683645276292,35,376,46,389,False,/Users/samgreenberg/Documents/Blenny/example_plates/Petri_Easy.jpg
5,413,46.10411622276029,332.1089588377724,22.93137440223813,0.9405256343011914,0.43605111997341306,36,312,55,351,False,/Users/samgreenberg/Documents/Blenny/example_plates/Petri_Easy.jpg
6,265,51.947169811320755,284.0,18.36868202552426,0.8381540640525347,0.45211845209027,41,276,64,294,False,/Users/samgreenberg/Documents/Blenny/example_plates/Petri_Easy.jpg
7,220,57.7,167.35,16.73656774376801,0.20827922888973374,0.45209404456327984,50,160,67,176,False,/Users/samgreenberg/Documents/Blenny/example_plates/Petri_Easy.jpg
8,79,55.265822784810126,410.11392405063293,10.02925341359355,0.6631542831930596,0.4001677984611567,50,405,61,417,False,/Users/samgreenberg/Documents/Blenny/example_plates/Petri_Easy.jpg
9,149,63.442953020134226,324.6442953020134,13.773623058786647,0.8992406730192295,0.4271558020792209,55,316,73,333,False,/Users/samgreenberg/Documents/Blenny/example_plates/Petri_Easy.jpg
10,166,68.33734939759036,416.93975903614455,14.538148590038452,0.8503707045747398,0.3954948547129696,59,410,79,426,False,/Users/samgreenberg/Documents/Blenny/example_plates/Petri_Easy.jpg
11,185,71.74594594594595,274.02702702702703,15.347615963921077,0.6485885073790308,0.4652870609432962,64,267,80,283,False,/Users/samgreenberg/Documents/Blenny/example_plates/Petri_Easy.jpg
12,222,77.15315315315316,313.5,16.812470934731934,0.8040487648164842,0.45281990637696523,66,305,88,322,False,/Users/samgreenberg/Documents/Blenny/example_plates/Petri_Easy.jpg
13,201,77.67661691542288,398.13432835820896,15.99753570059363,0.8049652957632287,0.44262945663837666,68,390,89,406,False,/Users/samgreenberg/Documents/Blenny/example_plates/Petri_Easy.jpg
14,197,77.43147208121827,185.1522842639594,15.837556323903858,0.32231867827721894,0.456346346172987,70,177,86,194,False,/Users/samgreenberg/Documents/Blenny/example_plates/Petri_Easy.jpg
15,54,76.38888888888889,380.6111111111111,8.291859587312052,0.3686941782006208,0.44723959331880897,73,377,81,385,False,/Users/samgreenberg/Documents/Blenny/example_plates/Petri_Easy.jpg
16,5,75.0,438.0,2.5231325220201604,0.0,0.2959688627450981,74,437,77,440,False,/Users/samgreenberg/Documents/Blenny/example_plates/Petri_Easy.jpg
17,74,80.04054054054055,362.6216216216216,9.706684619910241,0.24848059366771677,0.4074783942766295,76,358,85,368,False,/Users/samgreenberg/Documents/Blenny/example_plates/Petri_Easy.jpg
18,82,81.91463414634147,425.4634146341463,10.217907939900583,0.30915873139580086,0.40266475370636057,77,421,88,431,False,/Users/samgreenberg/Documents/Blenny/example_plates/Petri_Easy.jpg
19,73,85.79452054794521,386.93150684931504,9.640875829802336,0.3180326273348364,0.4486530915928015,81,382,91,392,False,/Users/samgreenberg/Documents/Blenny/example_plates/Petri_Easy.jpg
20,83,86.16867469879519,438.5301204819277,10.280023453913834,0.2727625399974404,0.3964933947554927,81,434,92,444,False,/Users/samgreenberg/Documents/Blenny/example_plates/Petri_Easy.jpg
21,5,85.0,450.0,2.5231325220201604,0.0,0.28670745098039213,84,449,87,452,False,/Users/samgreenberg/Documents/Blenny/example_plates/Petri_Easy.jpg
22,32,92.15625,425.375,6.383076486422923,0.5344883724417774,0.41939862745098044,89,423,96,429,False,/Users/samgreenberg/Documents/Blenny/example_plates/Petri_Easy.jpg
23,8,92.5,457.5,3.1915382432114616,0.816496580927726,0.2922436764705883,91,456,95,460,False,/Users/samgreenberg/Documents/Blenny/example_plates/Petri_Easy.jpg
24,90,100.0,444.3222222222222,10.704744696916627,0.3464615899359399,0.3850126797385622,95,440,106,450,False,/Users/samgreenberg/Documents/Blenny/example_plates/Petri_Easy.jpg
25,179,103.68715083798882,307.94972067039106,15.09668435477122,0.785742468038975,0.4403694972067038,97,300,110,319,False,/Users/samgreenberg/Documents/Blenny/example_plates/Petri_Easy.jpg
26,116,102.64655172413794,393.7844827586207,12.153015559492998,0.7407189043154746,0.42361720419202165,98,385,109,401,False,/Users/samgreenberg/Documents/Blenny/example_plates/Petri_Easy.jpg
27,54,102.61111111111111,367.6111111111111,8.291859587312052,0.3686941782006208,0.44913658678286134,99,364,107,372,False,/Users/samgreenberg/Documents/Blenny/example_plates/Petri_Easy.jpg
28,87,105.80459770114942,420.1954022988506,10.524820207108489,0.4002244551037866,0.4030681766959657,101,415,112,426,False,/Users/samgreenberg/Documents/Blenny/example_plates/Petri_Easy.jpg
29,5,105.0,82.0,2.5231325220201604,0.0,0.3197207058823529,104,81,107,84,False,/Users/samgreenberg/Documents/Blenny/example_plates/Petri_Easy.jpg
30,5,111.0,77.0,2.5231325220201604,0.0,0.32228760784313726,110,76,113,79,False,/Users/samgreenberg/Documents/Blenny/example_plates/Petri_Easy.jpg
31,98,118.66326530612245,406.2551020408163,11.170383851240114,0.8089925527110725,0.43279823929571826,113,400,125,413,False,/Users/samgreenberg/Documents/Blenny/example_plates/Petri_Easy.jpg
32,8,114.5,477.5,3.1915382432114616,0.816496580927726,0.3050358333333334,113,476,117,480,False,/Users/samgreenberg/Documents/Blenny/example_plates/Petri_Easy.jpg
33,155,120.54193548387097,246.51612903225808,14.048207338801282,0.15882791497921278,0.4364419709044908,114,240,128,254,False,/Users/samgreenberg/Documents/Blenny/example_plates/Petri_Easy.jpg
34,154,122.46753246753246,301.1948051948052,14.002817212590296,0.3815377329180647,0.44184217214158383,116,294,130,309,False,/Users/samgreenberg/Documents/Blenny/example_plates/Petri_Easy.jpg
35,262,126.10687022900764,116.22519083969466,18.26441241104166,0.20055232776122278,0.49455447388115553,117,107,136,126,False,/Users/samgreenberg/Documents/Blenny/example_plates/Petri_Easy.jpg
36,206,128.14077669902912,388.58252427184465,16.195287778099022,0.8882588981673729,0.43723888063963445,118,381,139,397,False,/Users/samgreenberg/Documents/Blenny/example_plates/Petri_Easy.jpg
37,74,122.5,435.6216216216216,9.706684619910241,0.285685613454864,0.38222489136195015,118,431,128,441,False,/Users/samgreenberg/Documents/Blenny/example_plates/Petri_Easy.jpg
38,5,122.0,483.0,2.5231325220201604,0.0,0.3218636862745098,121,482,124,485,False,/Users/samgreenberg/Documents/Blenny/example_plates/Petri_Easy.jpg
39,5,124.0,67.0,2.5231325220201604,0.0,0.3072770980392156,123,66,126,69,False,/Users/samgreenberg/Documents/Blenny/example_plates/Petri_Easy.jpg
40,65,127.92307692307692,415.83076923076925,9.09728368293446,0.32399597475836084,0.419495342383107,124,412,133,421,False,/Users/samgreenberg/Documents/Blenny/example_plates/Petri_Easy.jpg
41,13,135.53846153846155,59.07692307692308,4.068428945128219,0.9254774670316781,0.33800518853695327,133,57,139,62,False,/Users/samgreenberg/Documents/Blenny/example_plates/Petri_Easy.jpg
42,62,138.1290322580645,495.4516129032258,8.884866446580956,0.852899456536925,0.3468378178368121,133,492,144,501,False,/Users/samgreenberg/Documents/Blenny/example_plates/Petri_Easy.jpg
43,226,144.17256637168143,143.1504424778761,16.96325844612841,0.241533877363399,0.48415015269824746,136,135,153,152,False,/Users/samgreenberg/Documents/Blenny/example_plates/Petri_Easy.jpg
44,5,141.0,56.0,2.5231325220201604,0.0,0.3434396862745099,140,55,143,58,False,/Users/samgreenberg/Documents/Blenny/example_plates/Petri_Easy.jpg
45,5,146.0,53.0,2.5231325220201604,0.0,0.3380090196078432,145,52,148,55,False,/Users/samgreenberg/Documents/Blenny/example_plates/Petri_Easy.jpg
46,42,148.66666666666666,458.0,7.312732791431452,0.27925194963714556,0.41432303454715225,145,455,153,462,False,/Users/samgreenberg/Documents/Blenny/example_plates/Petri_Easy.jpg
47,160,152.475,271.2375,14.27299292922217,0.15437965157196862,0.4517379289215685,146,265,160,279,False,/Users/samgreenberg/Documents/Blenny/example_plates/Petri_Easy.jpg
48,194,153.92268041237114,443.47938144329896,15.716503163191918,0.6013693034460696,0.43450592278148364,146,437,163,452,False,/Users/samgreenberg/Documents/Blenny/example_plates/Petri_Easy.jpg
49,89,155.47191011235955,391.4269662921348,10.645107772184812,0.27789396826105545,0.4264082000440625,151,386,161,397,False,/Users/samgreenberg/Documents/Blenny/example_plates/Petri_Easy.jpg
50,165,160.8242424242424,358.1090909090909,14.494292838262302,0.8886122027412018,0.44239317409388007,152,352,172,365,False,/Users/samgreenberg/Documents/Blenny/example_plates/Petri_Easy.jpg
51,146,162.67123287671234,471.2945205479452,13.63425735166143,0.7497853727661888,0.3948122750470051,156,464,170,479,False,/Users/samgreenberg/Documents/Blenny/example_plates/Petri_Easy.jpg
52,317,188.03154574132492,32.646687697160885,20.090219901261573,0.9957322805459877,0.4591233636419868,159,22,219,47,False,/Users/samgreenberg/Documents/Blenny/example_plates/Petri_Easy.jpg
53,5,165.0,509.0,2.5231325220201604,0.0,0.3407254117647059,164,508,167,511,False,/Users/samgreenberg/Documents/Blenny/example_plates/Petri_Easy.jpg
54,100,170.12,439.12,11.283791670955125,0.3258933906199488,0.42244892941176476,165,434,176,445,False,/Users/samgreenberg/Documents/Blenny/example_plates/Petri_Easy.jpg
55,71,170.56338028169014,381.22535211267603,9.507891862878783,0.38697817333145673,0.4333494559513946,166,377,176,386,False,/Users/samgreenberg/Documents/Blenny/example_plates/Petri_Easy.jpg
56,242,176.10330578512398,96.21487603305785,17.55346033766304,0.23801944479864903,0.47226294279695347,168,88,185,106,False,/Users/samgreenberg/Documents/Blenny/example_plates/Petri_Easy.jpg
57,108,175.52777777777777,340.93518518518516,11.726460285670077,0.18227306695213907,0.4491268409586058,170,335,182,348,False,/Users/samgreenberg/Documents/Blenny/example_plates/Petri_Easy.jpg
58,72,182.33333333333334,443.5,9.574614729634384,0.06950480468569174,0.40742202614379086,178,439,188,449,False,/Users/samgreenberg/Documents/Blenny/example_plates/Petri_Easy.jpg
59,114,186.03508771929825,491.5175438596491,12.047792665040703,0.28614330510154085,0.37838413828689366,180,486,192,498,False,/Users/samgreenberg/Documents/Blenny/example_plates/Petri_Easy.jpg
60,202,190.15841584158414,174.5742574257426,16.03728119216293,0.09404929275266204,0.4727388215880411,183,167,199,183,False,/Users/samgreenberg/Documents/Blenny/example_plates/Petri_Easy.jpg
61,140,189.06428571428572,385.04285714285714,13.351162356249091,0.16957845204492497,0.42927484873949584,183,379,196,392,False,/Users/samgreenberg/Documents/Blenny/example_plates/Petri_Easy.jpg
62,86,192.02325581395348,406.48837209302326,10.464157913908982,0.36090799031309456,0.4205119151846784,187,401,198,412,False,/Users/samgreenberg/Documents/Blenny/example_plates/Petri_Easy.jpg
63,14,189.64285714285714,519.3571428571429,4.222008245644752,0.8875556895433752,0.37573408963585436,187,518,193,522,False,/Users/samgreenberg/Documents/Blenny/example_plates/Petri_Easy.jpg
64,198,195.05555555555554,266.43939393939394,15.877702285203682,0.26773347955017157,0.46310950485244595,188,259,203,275,False,/Users/samgreenberg/Documents/Blenny/example_plates/Petri_Easy.jpg
65,108,202.52777777777777,334.9166666666667,11.726460285670077,0.3332399638270614,0.45289434640522874,197,330,209,341,False,/Users/samgreenberg/Documents/Blenny/example_plates/Petri_Easy.jpg
66,248,206.1290322580645,110.60887096774194,17.769732893161912,0.1962209431267513,0.48379754901960786,198,102,216,120,False,/Users/samgreenberg/Documents/Blenny/example_plates/Petri_Easy.jpg
67,181,205.11602209944752,158.0718232044199,15.180789096653193,0.18969677340556193,0.4657200649983751,198,151,213,166,False,/Users/samgreenberg/Documents/Blenny/example_plates/Petri_Easy.jpg
68,95,205.45263157894738,501.0,10.998079684646791,0.196387282243568,0.366150418988648,201,496,212,507,False,/Users/samgreenberg/Documents/Blenny/example_plates/Petri_Easy.jpg
69,123,225.95934959349594,529.089430894309,12.514330345744634,0.9964133938106361,0.40557953451299233,206,524,246,534,False,/Users/samgreenberg/Documents/Blenny/example_plates/Petri_Easy.jpg
70,76,213.0,450.61842105263156,9.83698151873187,0.35554651003816967,0.416098137254902,209,446,218,456,False,/Users/samgreenberg/Documents/Blenny/example_plates/Petri_Easy.jpg
71,75,213.26666666666668,509.2,9.772050238058398,0.24759561332973123,0.3476810405228759,209,504,219,515,False,/Users/samgreenberg/Documents/Blenny/example_plates/Petri_Easy.jpg
72,92,219.3804347826087,462.8369565217391,10.823032759612019,0.17200360798332098,0.41490365302642795,214,458,225,469,False,/Users/samgreenberg/Documents/Blenny/example_plates/Petri_Easy.jpg
73,128,221.59375,296.0234375,12.766152972845846,0.23238810926935352,0.4646740042892157,216,290,229,303,False,/Users/samgreenberg/Documents/Blenny/example_plates/Petri_Easy.jpg
74,131,223.64885496183206,339.8167938931298,12.914889870235298,0.19093335007789425,0.43872685825475227,218,334,231,347,False,/Users/samgreenberg/Documents/Blenny/example_plates/Petri_Easy.jpg
75,116,227.26724137931035,396.2586206896552,12.153015559492998,0.3942073925028044,0.42755425625422583,222,390,234,403,False,/Users/samgreenberg/Documents/Blenny/example_plates/Petri_Easy.jpg
76,77,226.44155844155844,446.97402597402595,9.901487006738307,0.39801986847175846,0.4263563025210085,222,443,232,452,False,/Users/samgreenberg/Documents/Blenny/example_plates/Petri_Easy.jpg
77,111,234.0,318.27927927927925,11.888212206450685,0.32167535105681927,0.451683511747041,228,313,240,325,False,/Users/samgreenberg/Documents/Blenny/example_plates/Petri_Easy.jpg
78,114,235.75438596491227,420.4824561403509,12.047792665040703,0.29684994228686196,0.4267715273477812,230,415,242,427,False,/Users/samgreenberg/Documents/Blenny/example_plates/Petri_Easy.jpg
79,357,245.80392156862746,492.9719887955182,21.320096563347295,0.9675520565232478,0.4140557269182183,233,476,262,512,False,/Users/samgreenberg/Documents/Blenny/example_plates/Petri_Easy.jpg
80,291,244.02405498281786,253.70103092783506,19.248706645328987,0.8202625204168357,0.47857324573815774,236,242,253,267,False,/Users/samgreenberg/Documents/Blenny/example_plates/Petri_Easy.jpg
81,67,248.9402985074627,19.47761194029851,9.23618154310838,0.9900209365273202,0.45920488732806564,238,18,261,22,False,/Users/samgreenberg/Documents/Blenny/example_plates/Petri_Easy.jpg
82,131,248.0916030534351,274.2671755725191,12.914889870235298,0.2196280632752601,0.46550662475677296,242,268,255,281,False,/Users/samgreenberg/Documents/Blenny/example_plates/Petri_Easy.jpg
83,155,250.67096774193547,519.858064516129,14.048207338801282,0.6969226084166205,0.3434289639468691,243,514,260,527,False,/Users/samgreenberg/Documents/Blenny/example_plates/Petri_Easy.jpg
84,103,249.23300970873785,287.0,11.451797811161432,0.08130316416476012,0.4645725071387778,244,282,255,293,False,/Users/samgreenberg/Documents/Blenny/example_plates/Petri_Easy.jpg
85,148,251.77702702702703,451.19594594594594,13.727325035155395,0.5649414297896569,0.42117175410704827,246,444,260,458,False,/Users/samgreenberg/Documents/Blenny/example_plates/Petri_Easy.jpg
86,126,255.53174603174602,89.72222222222223,12.666024736934256,0.19060676607680074,0.4811657205104264,250,84,262,97,False,/Users/samgreenberg/Documents/Blenny/example_plates/Petri_Easy.jpg
87,125,255.656,384.896,12.6156626101008,0.30696813861755406,0.43923050039215683,250,379,262,392,False,/Users/samgreenberg/Documents/Blenny/example_plates/Petri_Easy.jpg
88,241,259.12033195020746,40.31120331950208,17.517155313611116,0.26181286110360436,0.4644452688959401,251,32,268,50,False,/Users/samgreenberg/Documents/Blenny/example_plates/Petri_Easy.jpg
89,156,259.20512820512823,226.5,14.093451279891855,0.2863616988489532,0.4874039793866265,253,220,267,234,False,/Users/samgreenberg/Documents/Blenny/example_plates/Petri_Easy.jpg
90,89,269.03370786516854,392.7752808988764,10.645107772184812,0.32301007299812995,0.4167378056840714,264,388,275,399,False,/Users/samgreenberg/Documents/Blenny/example_plates/Petri_Easy.jpg
91,100,271.39,514.61,11.283791670955125,0.05496565719303104,0.3453700392156863,266,509,278,521,False,/Users/samgreenberg/Documents/Blenny/example_plates/Petri_Easy.jpg
92,157,276.3312101910828,211.39490445859872,14.138550439257221,0.2914603867660262,0.4659626002248033,270,205,284,219,False,/Users/samgreenberg/Documents/Blenny/example_plates/Petri_Easy.jpg
93,165,278.25454545454545,116.71515151515152,14.494292838262302,0.2162067905183869,0.4781338062982769,272,110,286,125,False,/Users/samgreenberg/Documents/Blenny/example_plates/Petri_Easy.jpg
94,135,287.0,242.64444444444445,13.110581167104948,0.2332534219184986,0.4703159564270153,281,237,294,250,False,/Users/samgreenberg/Documents/Blenny/example_plates/Petri_Easy.jpg
95,203,290.6650246305419,432.3497536945813,16.07692842495848,0.9184853623370763,0.41078770597894326,281,424,303,443,False,/Users/samgreenberg/Documents/Blenny/example_plates/Petri_Easy.jpg
96,143,287.5034965034965,494.95104895104896,13.493452297211721,0.29759569107805905,0.4149900863842041,281,488,295,502,False,/Users/samgreenberg/Documents/Blenny/example_plates/Petri_Easy.jpg
97,133,291.3533834586466,301.09022556390977,13.013103375051497,0.12122859146718992,0.4558975114256229,285,295,298,308,False,/Users/samgreenberg/Documents/Blenny/example_plates/Petri_Easy.jpg
98,191,298.24083769633506,514.4869109947643,15.594510349620345,0.7596100804192621,0.32411857920131404,290,507,308,523,False,/Users/samgreenberg/Documents/Blenny/example_plates/Petri_Easy.jpg
99,122,299.41803278688525,100.56557377049181,12.463355264843006,0.25528279583199626,0.4421121407907425,294,95,306,107,False,/Users/samgreenberg/Documents/Blenny/example_plates/Petri_Easy.jpg
100,169,300.698224852071,160.3550295857988,14.668929172241665,0.25890177827191013,0.46655201067409213,294,153,309,168,False,/Users/samgreenberg/Documents/Blenny/example_plates/Petri_Easy.jpg
101,77,308.57142857142856,20.025974025974026,9.901487006738307,0.9899990555315987,0.38499021645021647,296,18,320,24,False,/Users/samgreenberg/Documents/Blenny/example_plates/Petri_Easy.jpg
102,157,302.62420382165607,116.80254777070064,14.138550439257221,0.21564219543674573,0.48988736855251647,296,110,310,124,False,/Users/samgreenberg/Documents/Blenny/example_plates/Petri_Easy.jpg
103,89,304.13483146067415,337.3820224719101,10.645107772184812,0.4328781157209235,0.4359850671954175,299,333,310,343,False,/Users/samgreenberg/Documents/Blenny/example_plates/Petri_Easy.jpg
104,92,304.0978260869565,385.82608695652175,10.823032759612019,0.3215102706142039,0.44183349531116795,299,381,310,392,False,/Users/samgreenberg/Documents/Blenny/example_plates/Petri_Easy.jpg
105,36,302.30555555555554,405.69444444444446,6.770275002573076,0.16101529717988294,0.43439982570806107,299,403,306,410,False,/Users/samgreenberg/Documents/Blenny/example_plates/Petri_Easy.jpg
106,97,306.2474226804124,486.17525773195877,11.11324596323283,0.29477556945304945,0.4025819486557509,301,481,312,492,False,/Users/samgreenberg/Documents/Blenny/example_plates/Petri_Easy.jpg
107,137,309.1094890510949,415.2043795620438,13.207339536360731,0.7622153821827368,0.4266149162730785,304,408,315,424,False,/Users/samgreenberg/Documents/Blenny/example_plates/Petri_Easy.jpg
108,149,311.8322147651007,132.93288590604027,13.773623058786647,0.29167556561518326,0.4843623134622976,305,127,319,140,False,/Users/samgreenberg/Documents/Blenny/example_plates/Petri_Easy.jpg
109,89,311.07865168539325,319.12359550561797,10.645107772184812,0.3139220798440808,0.44590582947785856,306,314,317,325,False,/Users/samgreenberg/Documents/Blenny/example_plates/Petri_Easy.jpg
110,179,315.195530726257,442.0893854748603,15.09668435477122,0.8800486300660323,0.428010388870632,309,432,324,452,False,/Users/samgreenberg/Documents/Blenny/example_plates/Petri_Easy.jpg
111,17,313.0,534.0,4.652426491681278,0.8897565210026093,0.2555542329873126,310,533,317,536,False,/Users/samgreenberg/Documents/Blenny/example_plates/Petri_Easy.jpg
112,98,317.85714285714283,296.09183673469386,11.170383851240114,0.22575782909925643,0.4533392396958783,313,291,324,302,False,/Users/samgreenberg/Documents/Blenny/example_plates/Petri_Easy.jpg
113,86,318.36046511627904,462.8139534883721,10.464157913908982,0.2994263855741082,0.4032101550387596,314,458,324,469,False,/Users/samgreenberg/Documents/Blenny/example_plates/Petri_Easy.jpg
114,122,322.172131147541,100.65573770491804,12.463355264843006,0.27369506537013705,0.47553837672774035,316,95,329,107,False,/Users/samgreenberg/Documents/Blenny/example_plates/Petri_Easy.jpg
115,85,321.94117647058823,81.51764705882353,10.403141895720198,0.34569033799270144,0.4761705651672434,317,77,328,87,False,/Users/samgreenberg/Documents/Blenny/example_plates/Petri_Easy.jpg
116,91,322.16483516483515,406.8241758241758,10.764051215546116,0.9115592353651601,0.4274011506140918,317,400,328,415,False,/Users/samgreenberg/Documents/Blenny/example_plates/Petri_Easy.jpg
117,44,326.0,531.5,7.48482063701911,0.9786541535744797,0.2990341622103387,318,529,334,535,False,/Users/samgreenberg/Documents/Blenny/example_plates/Petri_Easy.jpg
118,181,326.18232044198896,119.12154696132596,15.180789096653193,0.8007076354699318,0.4673975083956234,320,111,334,129,False,/Users/samgreenberg/Documents/Blenny/example_plates/Petri_Easy.jpg
119,65,325.4769230769231,490.0615384615385,9.09728368293446,0.43682869135685953,0.39602703469079936,321,486,331,495,False,/Users/samgreenberg/Documents/Blenny/example_plates/Petri_Easy.jpg
120,29,324.48275862068965,418.8965517241379,6.076507779746499,0.3371163028559833,0.4175588911426639,322,416,328,423,False,/Users/samgreenberg/Documents/Blenny/example_plates/Petri_Easy.jpg
121,88,328.2386363636364,264.0568181818182,10.585134856802455,0.1702379965301099,0.4660558199643493,323,259,334,270,False,/Users/samgreenberg/Documents/Blenny/example_plates/Petri_Easy.jpg
122,37,327.0,73.0,6.863662517577698,0.0,0.34229835718071017,324,70,331,77,False,/Users/samgreenberg/Documents/Blenny/example_plates/Petri_Easy.jpg
123,189,330.23809523809524,236.34920634920636,15.512648837479231,0.7305363782347211,0.46177610333022096,324,228,338,246,False,/Users/samgreenberg/Documents/Blenny/example_plates/Petri_Easy.jpg
124,364,333.63461538461536,393.49725274725273,21.528102431092233,0.6712221504635062,0.44214582202111613,324,379,346,407,False,/Users/samgreenberg/Documents/Blenny/example_plates/Petri_Easy.jpg
125,177,330.85310734463275,465.6949152542373,15.012108426804138,0.8416195426239474,0.4093230198294007,324,457,339,476,False,/Users/samgreenberg/Documents/Blenny/example_plates/Petri_Easy.jpg
126,66,330.27272727272725,355.27272727272725,9.166995688475081,0.23770344329315715,0.4514824242424243,326,351,335,360,False,/Users/samgreenberg/Documents/Blenny/example_plates/Petri_Easy.jpg
127,45,330.46666666666664,326.75555555555553,7.569397566060481,0.3074813984143652,0.4128670675381263,327,323,335,331,False,/Users/samgreenberg/Documents/Blenny/example_plates/Petri_Easy.jpg
128,124,334.4516129032258,286.33870967741933,12.565098628628435,0.1981129865264876,0.4448859013282732,328,280,342,293,False,/Users/samgreenberg/Documents/Blenny/example_plates/Petri_Easy.jpg
129,281,341.15658362989325,320.0427046263345,18.91508160359296,0.9406928831910686,0.451380171655851,331,307,351,336,False,/Users/samgreenberg/Documents/Blenny/example_plates/Petri_Easy.jpg
130,135,337.9037037037037,372.75555555555553,13.110581167104948,0.8696480056705925,0.45882746840958616,331,366,346,381,False,/Users/samgreenberg/Documents/Blenny/example_plates/Petri_Easy.jpg
131,46,339.4347826086956,527.4782608695652,7.653039857325812,0.7773636259935714,0.3123084654731459,335,525,345,531,False,/Users/samgreenberg/Documents/Blenny/example_plates/Petri_Easy.jpg
132,97,341.0,418.0,11.11324596323283,0.0,0.42293543157469177,336,413,347,424,False,/Users/samgreenberg/Documents/Blenny/example_plates/Petri_Easy.jpg
133,25,341.48,26.44,5.641895835477563,0.9549859352586944,0.36194097254901964,337,25,347,29,False,/Users/samgreenberg/Documents/Blenny/example_plates/Petri_Easy.jpg
134,289,349.4117647058824,95.59515570934256,19.182445840623714,0.8378919524769327,0.46056529886695163,338,88,362,104,False,/Users/samgreenberg/Documents/Blenny/example_plates/Petri_Easy.jpg
135,67,343.56716417910445,215.65671641791045,9.23618154310838,0.39454282583707617,0.43384725782850453,339,212,349,221,False,/Users/samgreenberg/Documents/Blenny/example_plates/Petri_Easy.jpg
136,65,345.2923076923077,457.61538461538464,9.09728368293446,0.2573357758611768,0.4301416229260934,341,454,350,463,False,/Users/samgreenberg/Documents/Blenny/example_plates/Petri_Easy.jpg
137,125,347.84,239.056,12.6156626101008,0.24883307220689577,0.46527513725490194,342,233,355,246,False,/Users/samgreenberg/Documents/Blenny/example_plates/Petri_Easy.jpg
138,219,352.75342465753425,48.817351598173516,16.698486766680407,0.2721415140110378,0.44675259736771417,345,41,362,58,False,/Users/samgreenberg/Documents/Blenny/example_plates/Petri_Easy.jpg
139,71,349.09859154929575,289.09859154929575,9.507891862878783,0.3317391587303441,0.4345073791770229,345,285,354,294,False,/Users/samgreenberg/Documents/Blenny/example_plates/Petri_Easy.jpg
140,58,349.0344827586207,383.58620689655174,8.593479713983122,0.4345597860328421,0.432497599729547,345,380,354,388,False,/Users/samgreenberg/Documents/Blenny/example_plates/Petri_Easy.jpg
141,63,350.57142857142856,523.968253968254,8.95623198216277,0.8022553235159395,0.2843413071895425,346,520,357,529,False,/Users/samgreenberg/Documents/Blenny/example_plates/Petri_Easy.jpg
142,168,354.4940476190476,146.10119047619048,14.625465582862905,0.2712776053258083,0.46710866946778706,347,139,362,154,False,/Users/samgreenberg/Documents/Blenny/example_plates/Petri_Easy.jpg
143,5,348.0,406.0,2.5231325220201604,0.0,0.25754525490196073,347,405,350,408,False,/Users/samgreenberg/Documents/Blenny/example_plates/Petri_Easy.jpg
144,72,352.75,210.5,9.574614729634384,0.42108523523200914,0.45140494008714593,349,206,358,216,False,/Users/samgreenberg/Documents/Blenny/example_plates/Petri_Easy.jpg
145,218,359.08256880733944,418.697247706422,16.66031874701878,0.6975717514087686,0.41440693829825503,350,408,367,429,False,/Users/samgreenberg/Documents/Blenny/example_plates/Petri_Easy.jpg
146,5,353.0,30.0,2.5231325220201604,0.0,0.3333210196078431,352,29,355,32,False,/Users/samgreenberg/Documents/Blenny/example_plates/Petri_Easy.jpg
147,78,357.5128205128205,433.02564102564105,9.965574970333758,0.4524527247917468,0.4140357264957264,353,429,364,438,False,/Users/samgreenberg/Documents/Blenny/example_plates/Petri_Easy.jpg
148,57,357.63157894736844,360.8421052631579,8.51907589177983,0.48125939961771613,0.44329488132094946,354,357,362,366,False,/Users/samgreenberg/Documents/Blenny/example_plates/Petri_Easy.jpg
149,65,360.0153846153846,349.4307692307692,9.09728368293446,0.3267741579460176,0.44623216289592754,356,345,365,355,False,/Users/samgreenberg/Documents/Blenny/example_plates/Petri_Easy.jpg
150,170,365.5176470588235,327.6,14.712264360219255,0.8258498892368429,0.4594487773933102,358,319,373,337,False,/Users/samgreenberg/Documents/Blenny/example_plates/Petri_Easy.jpg
151,112,366.57142857142856,465.29464285714283,11.941642642883693,0.3368544469238495,0.38548755252100836,361,460,373,472,False,/Users/samgreenberg/Documents/Blenny/example_plates/Petri_Easy.jpg
152,104,368.75961538461536,255.8846153846154,11.507254783503184,0.10652713199021231,0.4512801847662142,363,250,375,262,False,/Users/samgreenberg/Documents/Blenny/example_plates/Petri_Easy.jpg
153,67,368.05970149253733,385.0,9.23618154310838,0.2541857384087263,0.4118195317529996,364,381,373,390,False,/Users/samgreenberg/Documents/Blenny/example_plates/Petri_Easy.jpg
154,13,366.53846153846155,516.3846153846154,4.068428945128219,0.8898489141605723,0.26028757164404226,364,515,370,519,False,/Users/samgreenberg/Documents/Blenny/example_plates/Petri_Easy.jpg
155,128,371.5703125,42.578125,12.766152972845846,0.36778487451929115,0.4169340318627451,365,36,379,50,False,/Users/samgreenberg/Documents/Blenny/example_plates/Petri_Easy.jpg
156,67,368.8358208955224,361.6119402985075,9.23618154310838,0.42106007451222477,0.43714941761779336,365,357,374,367,False,/Users/samgreenberg/Documents/Blenny/example_plates/Petri_Easy.jpg
157,45,371.7111111111111,240.86666666666667,7.569397566060481,0.43757987073383076,0.4403681307189542,368,238,376,245,False,/Users/samgreenberg/Documents/Blenny/example_plates/Petri_Easy.jpg
158,71,373.76056338028167,218.05633802816902,9.507891862878783,0.4326910966574878,0.42390826291079814,369,214,379,223,False,/Users/samgreenberg/Documents/Blenny/example_plates/Petri_Easy.jpg
159,148,378.3581081081081,143.6081081081081,13.727325035155395,0.25505482137143404,0.4475526470588236,372,137,386,151,False,/Users/samgreenberg/Documents/Blenny/example_plates/Petri_Easy.jpg
160,117,379.54700854700855,279.61538461538464,12.205286835384658,0.1861579661631776,0.4470309770403888,374,274,386,286,False,/Users/samgreenberg/Documents/Blenny/example_plates/Petri_Easy.jpg
161,108,383.75,340.1296296296296,11.726460285670077,0.27545826109759636,0.45509757443718235,378,335,390,347,False,/Users/samgreenberg/Documents/Blenny/example_plates/Petri_Easy.jpg
162,5,382.0,41.0,2.5231325220201604,0.0,0.262336862745098,381,40,384,43,False,/Users/samgreenberg/Documents/Blenny/example_plates/Petri_Easy.jpg
163,128,387.0859375,239.6796875,12.766152972845846,0.7789614824719684,0.4410172273284314,383,232,393,248,False,/Users/samgreenberg/Documents/Blenny/example_plates/Petri_Easy.jpg
164,278,395.60791366906477,428.69424460431657,18.81384047546846,0.7440713130679757,0.40394252362815625,384,420,406,440,False,/Users/samgreenberg/Documents/Blenny/example_plates/Petri_Easy.jpg
165,100,392.09,370.35,11.283791670955125,0.283021345739604,0.4192375019607843,387,365,398,377,False,/Users/samgreenberg/Documents/Blenny/example_plates/Petri_Easy.jpg
166,209,399.99043062200957,186.1531100478469,16.312788383647018,0.766084569305809,0.45527479500891266,391,179,410,194,False,/Users/samgreenberg/Documents/Blenny/example_plates/Petri_Easy.jpg
167,84,397.32142857142856,352.4047619047619,10.341765891652821,0.2987351193377697,0.44059953781512595,393,348,403,358,False,/Users/samgreenberg/Documents/Blenny/example_plates/Petri_Easy.jpg
168,108,400.75925925925924,334.56481481481484,11.726460285670077,0.2614840069330892,0.43948747276688455,395,329,407,341,False,/Users/samgreenberg/Documents/Blenny/example_plates/Petri_Easy.jpg
169,51,400.52941176470586,490.6666666666667,8.058239062071396,0.8149378922760184,0.3811051057285659,396,487,406,496,False,/Users/samgreenberg/Documents/Blenny/example_plates/Petri_Easy.jpg
170,72,401.1666666666667,410.90277777777777,9.574614729634384,0.34275078076889487,0.427011454248366,397,407,407,416,False,/Users/samgreenberg/Documents/Blenny/example_plates/Petri_Easy.jpg
171,105,404.0095238095238,127.34285714285714,11.562445770562215,0.2567729208933591,0.4407800859010271,399,122,410,134,False,/Users/samgreenberg/Documents/Blenny/example_plates/Petri_Easy.jpg
172,618,422.4093851132686,79.83171521035598,28.05106127486678,0.8127696097188281,0.42823249952408143,402,67,438,101,False,/Users/samgreenberg/Documents/Blenny/example_plates/Petri_Easy.jpg
173,189,414.22222222222223,311.3492063492063,15.512648837479231,0.7868544790508147,0.43432516028633683,407,302,423,321,False,/Users/samgreenberg/Documents/Blenny/example_plates/Petri_Easy.jpg
174,12,409.5,113.5,3.9088200952233594,0.0,0.35190336601307187,408,112,412,116,False,/Users/samgreenberg/Documents/Blenny/example_plates/Petri_Easy.jpg
175,45,414.2,356.4222222222222,7.569397566060481,0.24995565481894566,0.4148228061002178,411,353,419,361,False,/Users/samgreenberg/Documents/Blenny/example_plates/Petri_Easy.jpg
176,82,417.5121951219512,97.8780487804878,10.217907939900583,0.19048911775060823,0.44910414634146345,413,93,423,104,False,/Users/samgreenberg/Documents/Blenny/example_plates/Petri_Easy.jpg
177,106,418.8207547169811,448.57547169811323,11.617374563210365,0.3313661681591165,0.3684610469848317,413,443,425,455,False,/Users/samgreenberg/Documents/Blenny/example_plates/Petri_Easy.jpg
178,132,422.8181818181818,138.87878787878788,12.964089628857149,0.3430180959776423,0.4363768954248366,417,133,430,146,False,/Users/samgreenberg/Documents/Blenny/example_plates/Petri_Easy.jpg
179,35,421.0857142857143,477.0,6.6755811781245455,0.9438473231804555,0.30272952380952384,417,473,427,482,False,/Users/samgreenberg/Documents/Blenny/example_plates/Petri_Easy.jpg
180,92,424.1304347826087,427.05434782608694,10.823032759612019,0.1989673537061089,0.4030246291560102,419,422,430,433,False,/Users/samgreenberg/Documents/Blenny/example_plates/Petri_Easy.jpg
181,103,432.13592233009706,205.35922330097088,11.451797811161432,0.32644270767638595,0.440652404340377,427,200,438,212,False,/Users/samgreenberg/Documents/Blenny/example_plates/Petri_Easy.jpg
182,162,433.037037037037,263.6358024691358,14.361922094451577,0.7128096445699742,0.45483252481239406,427,256,439,272,False,/Users/samgreenberg/Documents/Blenny/example_plates/Petri_Easy.jpg
183,139,431.76258992805754,396.44604316546764,13.303394180365686,0.7632125350532737,0.42462234729863163,427,389,438,405,False,/Users/samgreenberg/Documents/Blenny/example_plates/Petri_Easy.jpg
184,88,432.6818181818182,150.11363636363637,10.585134856802455,0.2379690189529008,0.4403688547237076,428,145,438,156,False,/Users/samgreenberg/Documents/Blenny/example_plates/Petri_Easy.jpg
185,122,435.5245901639344,118.0,12.463355264843006,0.2866695413960861,0.43996058502089364,430,112,442,125,False,/Users/samgreenberg/Documents/Blenny/example_plates/Petri_Easy.jpg
186,93,439.1505376344086,416.0,10.881694613449236,0.05534677783262944,0.4082005017921146,434,411,445,422,False,/Users/samgreenberg/Documents/Blenny/example_plates/Petri_Easy.jpg
187,42,444.76190476190476,146.0952380952381,7.312732791431452,0.34775944262182135,0.3532953314659196,442,143,449,151,False,/Users/samgreenberg/Documents/Blenny/example_plates/Petri_Easy.jpg
188,108,447.80555555555554,235.0,11.726460285670077,0.3763369383597559,0.4543290014524328,442,230,454,242,False,/Users/samgreenberg/Documents/Blenny/example_plates/Petri_Easy.jpg
189,115,447.61739130434785,288.8,12.100518486599809,0.31263254508293786,0.42826598806479105,442,283,454,296,False,/Users/samgreenberg/Documents/Blenny/example_plates/Petri_Easy.jpg
190,149,449.1006711409396,87.36912751677852,13.773623058786647,0.8218679123053851,0.4163475378339255,444,78,456,96,False,/Users/samgreenberg/Documents/Blenny/example_plates/Petri_Easy.jpg
191,69,449.0,113.0,9.373021315815206,0.0,0.4404180562659846,445,109,454,118,False,/Users/samgreenberg/Documents/Blenny/example_plates/Petri_Easy.jpg
192,107,451.3457943925234,396.32710280373834,11.67204486311899,0.2022893134433394,0.4082207330034817,446,391,458,403,False,/Users/samgreenberg/Documents/Blenny/example_plates/Petri_Easy.jpg
193,72,451.625,344.625,9.574614729634384,0.07372097807744873,0.4319687581699346,447,340,457,350,False,/Users/samgreenberg/Documents/Blenny/example_plates/Petri_Easy.jpg
194,129,454.09302325581393,376.2325581395349,12.815923738491737,0.07806499867374808,0.42946225870193033,448,370,461,383,False,/Users/samgreenberg/Documents/Blenny/example_plates/Petri_Easy.jpg
195,123,455.1219512195122,246.66666666666666,12.514330345744634,0.31685715520169905,0.4587728487167224,449,241,462,253,False,/Users/samgreenberg/Documents/Blenny/example_plates/Petri_Easy.jpg
196,132,458.42424242424244,128.9090909090909,12.964089628857149,0.2560620525557336,0.4366950326797385,452,122,465,136,False,/Users/samgreenberg/Documents/Blenny/example_plates/Petri_Easy.jpg
197,130,461.7230769230769,229.9923076923077,12.865501965161373,0.27996565621644853,0.4418226093514329,456,224,469,237,False,/Users/samgreenberg/Documents/Blenny/example_plates/Petri_Easy.jpg
198,81,465.0740740740741,159.45679012345678,10.155412503859614,0.27249318974241377,0.4228608617768094,460,155,471,165,False,/Users/samgreenberg/Documents/Blenny/example_plates/Petri_Easy.jpg
199,145,467.7103448275862,436.64827586206894,13.58748446131949,0.23534606551699086,0.35294080324543614,461,430,475,444,False,/Users/samgreenberg/Documents/Blenny/example_plates/Petri_Easy.jpg
200,115,472.5130434782609,398.31304347826085,12.100518486599809,0.1841944697525303,0.4184798090366581,467,393,479,405,False,/Users/samgreenberg/Documents/Blenny/example_plates/Petri_Easy.jpg
201,114,474.3157894736842,124.55263157894737,12.047792665040703,0.2383947873116728,0.40595264877880977,469,119,481,131,False,/Users/samgreenberg/Documents/Blenny/example_plates/Petri_Easy.jpg
202,34,471.97058823529414,446.8529411764706,6.579524642479541,0.8816753919458974,0.30212189158016156,469,444,477,452,False,/Users/samgreenberg/Documents/Blenny/example_plates/Petri_Easy.jpg
203,78,474.8333333333333,385.46153846153845,9.965574970333758,0.28576729877009444,0.4017394067370538,470,381,480,391,False,/Users/samgreenberg/Documents/Blenny/example_plates/Petri_Easy.jpg
204,229,485.4366812227074,194.23144104803492,17.075475271404667,0.897955982604284,0.43570214573165517,476,184,496,205,False,/Users/samgreenberg/Documents/Blenny/example_plates/Petri_Easy.jpg
205,109,484.6788990825688,350.13761467889907,11.780624362746345,0.2925120019399522,0.43453874797625464,479,345,491,357,False,/Users/samgreenberg/Documents/Blenny/example_plates/Petri_Easy.jpg
206,202,494.4950495049505,265.58910891089107,16.03728119216293,0.8105694403774818,0.4327444903902154,484,259,505,273,False,/Users/samgreenberg/Documents/Blenny/example_plates/Petri_Easy.jpg
207,104,489.4230769230769,321.47115384615387,11.507254783503184,0.30471140155982807,0.43882338612368027,484,316,496,328,False,/Users/samgreenberg/Documents/Blenny/example_plates/Petri_Easy.jpg
208,125,490.344,215.992,12.6156626101008,0.3403707576084549,0.45109759686274514,485,210,497,223,False,/Users/samgreenberg/Documents/Blenny/example_plates/Petri_Easy.jpg
209,13,487.7692307692308,124.07692307692308,4.068428945128219,0.849643155168251,0.37915013574660633,486,122,491,127,False,/Users/samgreenberg/Documents/Blenny/example_plates/Petri_Easy.jpg
210,49,489.51020408163265,380.7142857142857,7.898654169668588,0.4066079650155184,0.38219733493397373,486,377,494,385,False,/Users/samgreenberg/Documents/Blenny/example_plates/Petri_Easy.jpg
211,147,497.6462585034014,229.7074829931973,13.680870333281758,0.31380895853265106,0.4410275897025477,491,223,505,237,False,/Users/samgreenberg/Documents/Blenny/example_plates/Petri_Easy.jpg
212,106,499.07547169811323,406.1509433962264,11.617374563210365,0.8273969455548797,0.36246685534591194,494,400,506,415,False,/Users/samgreenberg/Documents/Blenny/example_plates/Petri_Easy.jpg
213,148,508.4662162162162,311.8243243243243,13.727325035155395,0.3654688365961085,0.44005843932167454,502,305,516,319,False,/Users/samgreenberg/Documents/Blenny/example_plates/Petri_Easy.jpg
214,89,510.1011235955056,329.5056179775281,10.645107772184812,0.38406499982849707,0.41716170081515747,505,324,516,335,False,/Users/samgreenberg/Documents/Blenny/example_plates/Petri_Easy.jpg
215,180,514.1888888888889,200.18333333333334,15.138795132120961,0.3030572691227115,0.4222161546840959,507,193,523,208,False,/Users/samgreenberg/Documents/Blenny/example_plates/Petri_Easy.jpg
216,72,514.8333333333334,249.11111111111111,9.574614729634384,0.3678648254884681,0.4192969716775599,510,245,520,254,False,/Users/samgreenberg/Documents/Blenny/example_plates/Petri_Easy.jpg
217,46,524.6739130434783,351.4130434782609,7.653039857325812,0.8912586961744559,0.3559234185848252,522,346,529,358,False,/Users/samgreenberg/Documents/Blenny/example_plates/Petri_Easy.jpg
